WellId,DateTimeStamp,WHP,CHP
404,2022-10-01T00:00:45,31.479166,32.064583
401,2022-10-01T00:03:17,304.27084,77.70208
400,2022-10-01T00:05:40,289.05417,76.10625
402,2022-10-01T00:02:53,315.87918,88.145836
401,2022-10-01T00:13:47,316.75833,76.614586
405,2022-10-01T00:10:03,153.1125,83.4625
404,2022-10-01T00:11:15,34.2875,32.654167
401,2022-10-01T00:24:17,293.1875,78
400,2022-10-01T00:16:10,308.90833,78.65417
402,2022-10-01T00:13:23,309.89584,87.43958
401,2022-10-01T00:34:47,293.25208,79.135414
405,2022-10-01T00:20:33,148.66458,84.68958
404,2022-10-01T00:21:45,32.495834,32.364582
401,2022-10-01T00:45:17,304.23126,78.64167
400,2022-10-01T00:26:40,318.66666,0
402,2022-10-01T00:23:53,302.2875,88.597916
401,2022-10-01T00:55:47,307.75418,79.34583
405,2022-10-01T00:31:03,155.975,86.072914
404,2022-10-01T00:32:15,31.502083,31.983334
401,2022-10-01T01:06:17,305.79166,79.55625
400,2022-10-01T00:37:10,332.4896,79.51667
402,2022-10-01T00:34:23,293.3229,89.28958
401,2022-10-01T01:16:47,309.8625,77.95
405,2022-10-01T00:41:33,0,85.47083
404,2022-10-01T00:42:45,31.525,31.852083
401,2022-10-01T01:27:17,314.7125,77.10625
400,2022-10-01T00:47:40,329.65,79.82708
402,2022-10-01T00:44:53,308.49792,88.88958
401,2022-10-01T01:37:47,311.65,77.24167
405,2022-10-01T00:52:03,150.88959,86.09583
404,2022-10-01T00:53:15,32.947918,31.7625
401,2022-10-01T01:48:17,292.6354,78.604164
400,2022-10-01T00:58:10,307.3229,79.10833
402,2022-10-01T00:55:23,309.425,89.370834
401,2022-10-01T01:58:47,295.15,78.379166
405,2022-10-01T01:02:33,153.75,86.10208
404,2022-10-01T01:03:45,37.677082,31.979166
401,2022-10-01T02:09:17,304.08957,78.62292
400,2022-10-01T01:08:40,290.0625,77.42292
402,2022-10-01T01:05:53,308.6104,90.02917
401,2022-10-01T02:19:47,308.71457,77.925
405,2022-10-01T01:13:03,145.84375,0
404,2022-10-01T01:14:15,32.847916,32.602085
406,2022-10-01T00:06:40,337.15207,94.00208
403,2022-10-01T00:02:01,60.56875,56.575
400,2022-10-01T01:19:10,273.18542,76.379166
402,2022-10-01T01:16:23,319.1354,88.72083
407,2022-10-01T00:08:16,337.6104,106.92083
403,2022-10-01T00:12:31,0,56.166668
405,2022-10-01T01:23:33,168.025,84.0375
404,2022-10-01T01:24:45,32.320835,33.689583
406,2022-10-01T00:17:10,334.64792,94.683334
403,2022-10-01T00:23:01,60.333332,56.727085
400,2022-10-01T01:29:40,264.3896,75.77292
402,2022-10-01T01:26:53,324.08542,0
407,2022-10-01T00:18:46,323.80832,107.73542
403,2022-10-01T00:33:31,60.491665,56.814583
405,2022-10-01T01:34:03,152.32083,83.725
404,2022-10-01T01:35:15,35.820835,34.002083
406,2022-10-01T00:27:40,313.05,96.03958
403,2022-10-01T00:44:01,58.814583,56.220833
400,2022-10-01T01:40:10,260.34375,75.964584
402,2022-10-01T01:37:23,318.0146,87.8375
407,2022-10-01T00:29:16,310.59583,108.40625
403,2022-10-01T00:54:31,60.558334,56.06875
405,2022-10-01T01:44:33,147.76666,85.416664
404,2022-10-01T01:45:45,32.058334,32.833332
406,2022-10-01T00:38:10,311.99374,96.06042
403,2022-10-01T01:05:01,60.004166,56.758335
400,2022-10-01T01:50:40,268.975,75.88125
402,2022-10-01T01:47:53,302.1146,89.25625
407,2022-10-01T00:39:46,314.10626,0
403,2022-10-01T01:15:31,60.514584,56.70625
405,2022-10-01T01:55:03,148.41875,85.458336
404,2022-10-01T01:56:15,31.039583,32.577084
406,2022-10-01T00:48:40,329.28125,96.59375
403,2022-10-01T01:26:01,62.095833,56.0375
400,2022-10-01T02:01:10,268.16458,75.3875
402,2022-10-01T01:58:23,293.58542,88.645836
407,2022-10-01T00:50:16,328.2979,109.10625
403,2022-10-01T01:36:31,60.539585,0
405,2022-10-01T02:05:33,143.17708,85.44375
404,2022-10-01T02:06:45,34.31875,32.645832
406,2022-10-01T00:59:10,331.55624,96.04583
403,2022-10-01T01:47:01,60.147915,55.997917
402,2022-10-01T02:08:53,309.16458,89.32917
407,2022-10-01T01:00:46,335.93332,108.84167
403,2022-10-01T01:57:31,60.770832,56.1
404,2022-10-01T02:17:15,30.429167,31.9375
406,2022-10-01T01:09:40,325.9854,96.089584
403,2022-10-01T02:08:01,59.929165,56.01875
402,2022-10-01T02:19:23,316.98126,88.63958
407,2022-10-01T01:11:16,326.70624,108.416664
403,2022-10-01T02:18:31,59.145832,55.95625
404,2022-10-01T02:27:45,31.664583,31.941668
406,2022-10-01T01:20:10,337.525,94.625
403,2022-10-01T02:29:01,57.864582,55.2625
402,2022-10-01T02:29:53,326.24582,87.93958
407,2022-10-01T01:21:46,338.12918,107.027084
404,2022-10-01T02:38:15,30.375,32.004166
406,2022-10-01T01:30:40,341.1771,93.7125
402,2022-10-01T02:40:23,316.44583,87.27917
407,2022-10-01T01:32:16,343.33957,0
404,2022-10-01T02:48:45,32.2,0
406,2022-10-01T01:41:10,327.27084,95.370834
402,2022-10-01T02:50:53,309.30417,87.25
407,2022-10-01T01:42:46,318.6,96.42083
404,2022-10-01T02:59:15,33.552082,31.222918
406,2022-10-01T01:51:40,309.96667,95.99792
402,2022-10-01T03:01:23,309.54376,87.464584
407,2022-10-01T01:53:16,308.6354,108.06875
406,2022-10-01T02:02:10,318.025,95.36042
404,2022-10-01T03:09:45,33.00625,31.883333
400,2022-10-01T02:11:40,270.94583,75.3875
407,2022-10-01T02:03:46,324.87082,107.67083
402,2022-10-01T03:11:53,302.22916,88.66458
405,2022-10-01T02:16:03,150.89375,85.42292
406,2022-10-01T02:12:40,322.9271,95.44375
404,2022-10-01T03:20:15,33.44375,31.18125
400,2022-10-01T02:22:10,275.025,75.37292
407,2022-10-01T02:14:16,322.5625,108.36042
402,2022-10-01T03:22:23,292.14374,88.98333
405,2022-10-01T02:26:33,137.02916,84.28958
406,2022-10-01T02:23:10,334.30417,94.558334
404,2022-10-01T03:30:45,31.483334,31.179167
400,2022-10-01T02:32:40,277.17917,75.57917
407,2022-10-01T02:24:46,339.87292,107.3875
402,2022-10-01T03:32:53,316.91458,88.65833
405,2022-10-01T02:37:03,138.62083,84.035416
406,2022-10-01T02:33:40,341.6625,93.93958
404,2022-10-01T03:41:15,28.577084,29.89375
400,2022-10-01T02:43:10,276.27707,75.3625
407,2022-10-01T02:35:16,342.2396,107.00625
402,2022-10-01T03:43:23,328.00626,87.989586
405,2022-10-01T02:47:33,141.42291,83.364586
406,2022-10-01T02:44:10,335.0125,93.975
404,2022-10-01T03:51:45,29.597918,30.808332
400,2022-10-01T02:53:40,275.28125,74.614586
407,2022-10-01T02:45:46,335.8021,106.69583
402,2022-10-01T03:53:53,317.6729,87.989586
405,2022-10-01T02:58:03,144.87917,84.09375
406,2022-10-01T02:54:40,333.0375,93.92292
404,2022-10-01T04:02:15,29.591667,29.895834
400,2022-10-01T03:04:10,274.9125,74.6625
407,2022-10-01T02:56:16,334.3271,106.98333
402,2022-10-01T04:04:23,316.56458,87.99792
405,2022-10-01T03:08:33,150.875,84.82708
406,2022-10-01T03:05:10,325.23126,94.65833
404,2022-10-01T04:12:45,28.908333,29.929167
400,2022-10-01T03:14:40,282.04166,75.347916
407,2022-10-01T03:06:46,326.3604,107.36042
402,2022-10-01T04:14:53,311.46042,88.6875
405,2022-10-01T03:19:03,140.7,85.36667
406,2022-10-01T03:15:40,306.27917,95.36875
404,2022-10-01T04:23:15,29.93125,29.866667
400,2022-10-01T03:25:10,283.6625,74.635414
407,2022-10-01T03:17:16,309.275,107.63333
402,2022-10-01T04:25:23,293.725,88.76458
405,2022-10-01T03:29:33,143.41042,85.5
406,2022-10-01T03:26:10,307.16666,96.010414
404,2022-10-01T04:33:45,29.035418,30.472918
400,2022-10-01T03:35:40,281.37082,74.614586
407,2022-10-01T03:27:46,311.47916,108.183334
402,2022-10-01T04:35:53,312.20624,88.7125
405,2022-10-01T03:40:03,145.20209,84.51667
406,2022-10-01T03:36:40,332.10626,94.645836
404,2022-10-01T04:44:15,34.33125,30.602083
400,2022-10-01T03:46:10,278.63333,74.097916
407,2022-10-01T03:38:16,331.70834,107.30417
402,2022-10-01T04:46:23,318.47708,88.010414
405,2022-10-01T03:50:33,134.46666,84.14792
406,2022-10-01T03:47:10,337.78543,93.93125
404,2022-10-01T04:54:45,27.864584,29.210417
400,2022-10-01T03:56:40,273.76874,74.635414
407,2022-10-01T03:48:46,337.89584,106.91875
402,2022-10-01T04:56:53,0,88.67083
405,2022-10-01T04:01:03,138.59375,84.34583
401,2022-10-01T02:30:17,324.08542,77.23542
403,2022-10-01T02:39:31,58.275,55.272915
404,2022-10-01T05:05:15,29.789583,29.766666
401,2022-10-01T02:40:47,311.42084,77.13125
403,2022-10-01T02:50:01,57.697918,55.266666
402,2022-10-01T05:07:23,318.09583,88.70625
401,2022-10-01T02:51:17,317.11667,76.589584
403,2022-10-01T03:00:31,58.902084,55.329166
404,2022-10-01T05:15:45,34.416668,29.21875
401,2022-10-01T03:01:47,302.11874,77.208336
403,2022-10-01T03:11:01,58.452084,55.960415
402,2022-10-01T05:17:53,312.41666,88.17292
401,2022-10-01T03:12:17,299.30417,78.072914
403,2022-10-01T03:21:31,58.51875,55.327084
404,2022-10-01T05:26:15,28.745832,29.195833
401,2022-10-01T03:22:47,289.12708,78.61042
403,2022-10-01T03:32:01,58.520832,55.58125
402,2022-10-01T05:28:23,306.87918,89.04792
401,2022-10-01T03:33:17,301.9479,77.93958
403,2022-10-01T03:42:31,58.90625,55.325
404,2022-10-01T05:36:45,27.622917,27.925
401,2022-10-01T03:43:47,317.56042,77.26458
403,2022-10-01T03:53:01,58.966667,55.54375
402,2022-10-01T05:38:53,311.84375,88.660416
401,2022-10-01T03:54:17,307.39166,77.25625
403,2022-10-01T04:03:31,58.860416,55.95
404,2022-10-01T05:47:15,32.58125,29.179167
401,2022-10-01T04:04:47,308.04166,77.86667
403,2022-10-01T04:14:01,58.458332,55.235416
402,2022-10-01T05:49:23,307.14166,89.37292
401,2022-10-01T04:15:17,304.22293,78.57708
403,2022-10-01T04:24:31,58.260418,55.239582
401,2022-10-01T04:25:47,294.16043,78.604164
403,2022-10-01T04:35:01,57.920834,55.197918
401,2022-10-01T04:36:17,301.08124,77.910416
403,2022-10-01T04:45:31,57.55,55.252083
401,2022-10-01T04:46:47,304.075,77.2125
403,2022-10-01T04:56:01,57.870834,54.947918
406,2022-10-01T03:57:40,335.18958,94.489586
401,2022-10-01T04:57:17,308.7396,77.87708
403,2022-10-01T05:06:31,57.410416,54.529167
407,2022-10-01T03:59:16,332.96875,106.99167
401,2022-10-01T05:07:47,299.5125,78.027084
403,2022-10-01T05:17:01,58.70625,54.952084
406,2022-10-01T04:08:10,321.2604,94.620834
401,2022-10-01T05:18:17,305.87082,77.864586
403,2022-10-01T05:27:31,58.691666,55.204166
407,2022-10-01T04:09:46,328.49792,106.89792
401,2022-10-01T05:28:47,300.625,78.57917
403,2022-10-01T05:38:01,59.15625,55.20625
406,2022-10-01T04:18:40,325.9896,96.21042
401,2022-10-01T05:39:17,301.0771,78.566666
403,2022-10-01T05:48:31,58.775,54.883335
407,2022-10-01T04:20:16,320.04584,108.24375
401,2022-10-01T05:49:47,295.2875,78.64167
403,2022-10-01T05:59:01,58.647915,55.195835
406,2022-10-01T04:29:10,318.35626,95.3
401,2022-10-01T06:00:17,305.30832,78.56458
403,2022-10-01T06:09:31,57.93125,55.197918
407,2022-10-01T04:30:46,327.14792,107.57083
401,2022-10-01T06:10:47,310.83334,77.88333
403,2022-10-01T06:20:01,57.816666,55.135418
406,2022-10-01T04:39:40,329.26874,94.67292
401,2022-10-01T06:21:17,309.97083,77.316666
403,2022-10-01T06:30:31,59.339584,55.841667
407,2022-10-01T04:41:16,334.7604,107.49167
401,2022-10-01T06:31:47,305.8,78.325
403,2022-10-01T06:41:01,59.829166,55.225
406,2022-10-01T04:50:10,334.85208,94.0875
401,2022-10-01T06:42:17,304.03958,77.90417
403,2022-10-01T06:51:31,59.202084,55.1875
407,2022-10-01T04:51:46,343.50626,106.82917
401,2022-10-01T06:52:47,298.96042,78.575
403,2022-10-01T07:02:01,58.825,55.210415
406,2022-10-01T05:00:40,330.61667,95.72083
401,2022-10-01T07:03:17,305.7375,78.21875
403,2022-10-01T07:12:31,47.875,55.175
407,2022-10-01T05:02:16,332.46875,107.54583
400,2022-10-01T04:07:10,274.16876,74.65833
404,2022-10-01T05:57:45,34.685417,29.291666
403,2022-10-01T07:23:01,57.989582,54.95
406,2022-10-01T05:11:10,334.1,95.29792
405,2022-10-01T04:11:33,142.95209,84.80625
402,2022-10-01T05:59:53,310.69583,88.816666
403,2022-10-01T07:33:31,58.59375,54.64375
407,2022-10-01T05:12:46,334.03333,107.527084
400,2022-10-01T04:17:40,272.45624,74.09583
404,2022-10-01T06:08:15,27.664583,28.929167
406,2022-10-01T05:21:40,334.85416,95.28333
405,2022-10-01T04:22:03,136.79791,86.214584
402,2022-10-01T06:10:23,319.48126,88.34167
407,2022-10-01T05:23:16,336.19376,107.75
400,2022-10-01T04:28:10,270.24792,74.058334
404,2022-10-01T06:18:45,31.483334,29.18125
406,2022-10-01T05:32:10,324.96042,95.94375
405,2022-10-01T04:32:33,135.06876,85.510414
402,2022-10-01T06:20:53,315.03333,88.004166
407,2022-10-01T05:33:46,319.81458,107.59167
400,2022-10-01T04:38:40,273.23334,73.90417
404,2022-10-01T06:29:15,33.866665,29.65
406,2022-10-01T05:42:40,333.1625,95.2625
405,2022-10-01T04:43:03,139.44376,84.2875
402,2022-10-01T06:31:23,310.70834,88.714584
407,2022-10-01T05:44:16,336.54166,107.54792
400,2022-10-01T04:49:10,277.60834,73.95625
404,2022-10-01T06:39:45,27.325,28.53125
405,2022-10-01T04:53:33,138.61667,84.13333
402,2022-10-01T06:41:53,312.62082,88.7125
400,2022-10-01T04:59:40,282.89792,73.9625
404,2022-10-01T06:50:15,27.625,28.997917
405,2022-10-01T05:04:03,135.425,85.48125
402,2022-10-01T06:52:23,304.65417,89.29375
400,2022-10-01T05:10:10,291.27084,74.92083
404,2022-10-01T07:00:45,32.433334,29.2125
405,2022-10-01T05:14:33,138.53125,85.12292
402,2022-10-01T07:02:53,309.62708,88.65833
400,2022-10-01T05:20:40,294.175,75.57708
404,2022-10-01T07:11:15,33.391666,29.733334
405,2022-10-01T05:25:03,142.63959,85.5
402,2022-10-01T07:13:23,315.86874,88.34583
400,2022-10-01T05:31:10,302.24582,75.322914
404,2022-10-01T07:21:45,27.852083,29.14375
405,2022-10-01T05:35:33,143.18124,85.464584
402,2022-10-01T07:23:53,312.74582,87.99792
400,2022-10-01T05:41:40,301.99374,75.82083
404,2022-10-01T07:32:15,30.397917,30.472918
405,2022-10-01T05:46:03,148.89583,85.35625
402,2022-10-01T07:34:23,311.33334,88.68125
400,2022-10-01T05:52:10,291.12292,75.57708
404,2022-10-01T07:42:45,35.3,32.310417
405,2022-10-01T05:56:33,148.475,85.51458
402,2022-10-01T07:44:53,319.8229,88.03958
400,2022-10-01T06:02:40,279.0125,74.629166
404,2022-10-01T07:53:15,33.735416,32.05
405,2022-10-01T06:07:03,143.375,84.85208
402,2022-10-01T07:55:23,311.37918,87.38125
404,2022-10-01T08:03:45,31.09375,31.395834
402,2022-10-01T08:05:53,313.56668,87.347916
404,2022-10-01T08:14:15,30.710417,31.179167
402,2022-10-01T08:16:23,311.08334,88.1875
404,2022-10-01T08:24:45,32.210415,31.885416
402,2022-10-01T08:26:53,313.7875,88.729164
401,2022-10-01T07:13:47,306.74167,77.875
400,2022-10-01T06:13:10,274.87708,73.94375
404,2022-10-01T08:35:15,35.785416,31.183332
401,2022-10-01T07:24:17,312.79376,77.2125
405,2022-10-01T06:17:33,146.47708,84.316666
402,2022-10-01T08:37:23,329.56668,88.0125
401,2022-10-01T07:34:47,300.02084,78.04583
400,2022-10-01T06:23:40,268.22708,0
404,2022-10-01T08:45:45,35.49375,31.566668
401,2022-10-01T07:45:17,311.99582,77.32708
405,2022-10-01T06:28:03,137.49583,84.85833
402,2022-10-01T08:47:53,322.09583,87.93958
401,2022-10-01T07:55:47,309.11667,77.07708
400,2022-10-01T06:34:10,275.44583,73.35
404,2022-10-01T08:56:15,31.2875,31.152082
401,2022-10-01T08:06:17,305.55624,76.94583
405,2022-10-01T06:38:33,141.26459,85.08542
402,2022-10-01T08:58:23,310.65833,88.56875
401,2022-10-01T08:16:47,0,77.7625
400,2022-10-01T06:44:40,281.8375,73.80417
404,2022-10-01T09:06:45,34.464584,31.164583
401,2022-10-01T08:27:17,300.8375,78.3
405,2022-10-01T06:49:03,130.67084,86.214584
402,2022-10-01T09:08:53,308.06458,88.67292
401,2022-10-01T08:37:47,323.6354,77.22083
400,2022-10-01T06:55:10,291.04166,74.620834
404,2022-10-01T09:17:15,28.972918,0
401,2022-10-01T08:48:17,302.74374,77.14792
405,2022-10-01T06:59:33,135.83958,85.52917
402,2022-10-01T09:19:23,304.7375,89.42917
401,2022-10-01T08:58:47,310.29166,77.816666
400,2022-10-01T07:05:40,296.46042,75.270836
404,2022-10-01T09:27:45,30.735416,30.522917
401,2022-10-01T09:09:17,296.5146,77.84167
405,2022-10-01T07:10:03,136.19167,84.86667
402,2022-10-01T09:29:53,314.68542,88.68958
401,2022-10-01T09:19:47,294.4375,194.03542
400,2022-10-01T07:16:10,373.2875,75.3625
404,2022-10-01T09:38:15,31.345833,30.470833
401,2022-10-01T09:30:17,312.31876,78.29375
405,2022-10-01T07:20:33,137.4,84.339584
402,2022-10-01T09:40:23,327.075,88.120834
403,2022-10-01T07:44:01,59.072918,54.464584
406,2022-10-01T05:53:11,321.00833,96.004166
400,2022-10-01T07:26:40,297.83334,75.49375
404,2022-10-01T09:48:45,34.629166,30.129168
403,2022-10-01T07:54:31,58.583332,54.41875
407,2022-10-01T05:54:46,325.93958,107.91875
405,2022-10-01T07:31:03,136.75833,84.87708
402,2022-10-01T09:50:53,322.23334,88.67083
403,2022-10-01T08:05:01,57.666668,54.441666
406,2022-10-01T06:03:41,337.4875,95.49375
400,2022-10-01T07:37:10,294.15207,75.39167
404,2022-10-01T09:59:15,29.225,30.497917
403,2022-10-01T08:15:31,57.710415,54.927082
407,2022-10-01T06:05:16,339.04376,107.527084
405,2022-10-01T07:41:33,138.5,84.86667
402,2022-10-01T10:01:23,310.6979,88.7125
403,2022-10-01T08:26:01,58.872917,54.41875
406,2022-10-01T06:14:11,338.04166,94.660416
400,2022-10-01T07:47:40,299.02707,75.370834
404,2022-10-01T10:09:45,29.089582,30.2
403,2022-10-01T08:36:31,59.175,54.441666
407,2022-10-01T06:15:46,343.42084,107.07708
405,2022-10-01T07:52:03,144.51042,84.2
402,2022-10-01T10:11:53,324.08957,88.08542
403,2022-10-01T08:47:01,59.783333,54.333332
406,2022-10-01T06:24:41,333.96875,94.78958
400,2022-10-01T07:58:10,296.95834,75.30625
404,2022-10-01T10:20:15,30.16875,29.43125
403,2022-10-01T08:57:31,58.03125,54.520832
407,2022-10-01T06:26:16,336.02917,107.48333
405,2022-10-01T08:02:33,150.36458,83.54375
402,2022-10-01T10:22:23,321.81668,88.06458
403,2022-10-01T09:08:01,58.054165,54.302082
406,2022-10-01T06:35:11,329.81042,95.527084
400,2022-10-01T08:08:40,285.7021,75.183334
404,2022-10-01T10:30:45,29.641666,29.50625
403,2022-10-01T09:18:31,57.839584,54.2875
407,2022-10-01T06:36:46,324.75418,107.50833
405,2022-10-01T08:13:03,142.07709,84.16875
402,2022-10-01T10:32:53,304.25418,88.0625
403,2022-10-01T09:29:01,57.566666,54.310417
406,2022-10-01T06:45:41,334.75208,95.964584
404,2022-10-01T10:41:15,28.397917,29.210417
403,2022-10-01T09:39:31,57.764584,53.65
407,2022-10-01T06:47:16,337.3021,107.73125
402,2022-10-01T10:43:23,313.21667,88.75833
403,2022-10-01T09:50:01,57.060417,53.61875
406,2022-10-01T06:56:11,326.14792,95.95417
404,2022-10-01T10:51:45,35.16875,29.870832
403,2022-10-01T10:00:31,57.764584,53.839584
407,2022-10-01T06:57:46,329.4271,107.527084
402,2022-10-01T10:53:53,313.35208,88.722916
406,2022-10-01T07:06:41,331.93542,95.2625
404,2022-10-01T11:02:15,27.860416,28.516666
407,2022-10-01T07:08:16,333.8375,107.4875
402,2022-10-01T11:04:23,311.80417,88.75625
406,2022-10-01T07:17:11,336.4125,94.58542
407,2022-10-01T07:18:46,341.83334,106.81875
406,2022-10-01T07:27:41,334.9,94.572914
407,2022-10-01T07:29:16,334.4375,106.964584
406,2022-10-01T07:38:11,322.64166,95.26667
407,2022-10-01T07:39:46,321.69583,107.01875
403,2022-10-01T10:11:01,58.795834,53.6625
401,2022-10-01T09:40:47,308.23334,77.62708
406,2022-10-01T07:48:41,340.12292,94.566666
403,2022-10-01T10:21:31,58.55625,54.2625
401,2022-10-01T09:51:17,315.27707,77.84583
407,2022-10-01T07:50:16,341.31668,106.81875
403,2022-10-01T10:32:01,57.65,54.272915
401,2022-10-01T10:01:47,304.64792,77.87292
406,2022-10-01T07:59:11,329.35834,93.90833
403,2022-10-01T10:42:31,57.8125,54.25
401,2022-10-01T10:12:17,312.9854,77.62708
407,2022-10-01T08:00:46,334.69583,106.77292
403,2022-10-01T10:53:01,58.675,54.920834
401,2022-10-01T10:22:47,311.78125,77.160416
406,2022-10-01T08:09:41,322.7375,94.31875
403,2022-10-01T11:03:31,57.845833,54.425
401,2022-10-01T10:33:17,304.92084,77.55417
407,2022-10-01T08:11:16,325.52292,106.583336
403,2022-10-01T11:14:01,57.229168,54.26875
401,2022-10-01T10:43:47,310.4479,78.47083
406,2022-10-01T08:20:11,319.87918,95.25208
403,2022-10-01T11:24:31,57.11875,54.258335
401,2022-10-01T10:54:17,305.63333,77.875
407,2022-10-01T08:21:46,326.38333,106.81458
403,2022-10-01T11:35:01,57.420834,54.26875
401,2022-10-01T11:04:47,306.55624,78.43958
406,2022-10-01T08:30:41,328.0146,95.51667
403,2022-10-01T11:45:31,58.758335,54.285416
401,2022-10-01T11:15:17,317.75626,77.191666
407,2022-10-01T08:32:16,333.60834,107.066666
403,2022-10-01T11:56:01,57.075,54.247917
401,2022-10-01T11:25:47,309.9229,76.54375
406,2022-10-01T08:41:11,351.95,94.55
403,2022-10-01T12:06:31,58.810417,54.116665
401,2022-10-01T11:36:17,305.64792,77.15
407,2022-10-01T08:42:46,345.50208,106.76458
403,2022-10-01T12:17:01,58.433334,54.175
401,2022-10-01T11:46:47,287.06042,78.489586
406,2022-10-01T08:51:41,326.70416,94.527084
403,2022-10-01T12:27:31,59.727085,54.3125
404,2022-10-01T11:12:45,36.166668,29.795834
400,2022-10-01T08:19:10,278.12082,73.93542
407,2022-10-01T08:53:16,331.17084,106.745834
402,2022-10-01T11:14:53,320.35416,88.04375
405,2022-10-01T08:23:33,138.51459,85.558334
406,2022-10-01T09:02:11,325.31458,95.31042
404,2022-10-01T11:23:15,29.216667,29.479166
400,2022-10-01T08:29:40,275.33334,73.791664
407,2022-10-01T09:03:46,326.8854,107.416664
402,2022-10-01T11:25:23,322.20834,87.316666
405,2022-10-01T08:34:03,140.41667,84.90417
406,2022-10-01T09:12:41,324.31668,95.675
404,2022-10-01T11:33:45,29.429167,27.777082
400,2022-10-01T08:40:10,277.1125,73.92917
407,2022-10-01T09:14:16,326.2625,107.31042
402,2022-10-01T11:35:53,306.74167,88.004166
405,2022-10-01T08:44:33,140.93333,84.222916
406,2022-10-01T09:23:11,313.44583,96.70625
404,2022-10-01T11:44:15,30.125,27.808332
400,2022-10-01T08:50:40,277.9625,73.95208
407,2022-10-01T09:24:46,319.08124,107.770836
402,2022-10-01T11:46:23,297.72916,88.777084
405,2022-10-01T08:55:03,142.28958,84.20208
406,2022-10-01T09:33:41,337.46457,95.26458
404,2022-10-01T11:54:45,30.6375,29.55
400,2022-10-01T09:01:10,276.44168,74
407,2022-10-01T09:35:16,341.43124,107.42083
402,2022-10-01T11:56:53,307.6979,89.041664
405,2022-10-01T09:05:33,144.91458,84.89375
404,2022-10-01T12:05:15,37.479168,28.483334
400,2022-10-01T09:11:40,272.91458,73.83542
402,2022-10-01T12:07:23,325.10208,88.44583
405,2022-10-01T09:16:03,137.62917,85.572914
404,2022-10-01T12:15:45,33.5875,28.854166
400,2022-10-01T09:22:10,282.53125,73.75625
402,2022-10-01T12:17:53,313.53958,89.479164
405,2022-10-01T09:26:33,148.48958,85.56875
404,2022-10-01T12:26:15,36.614582,28.433332
400,2022-10-01T09:32:40,293.8021,74.63125
402,2022-10-01T12:28:23,317.0625,90.770836
405,2022-10-01T09:37:03,145.63542,85.00208
404,2022-10-01T12:36:45,0,27.239584
400,2022-10-01T09:43:10,319.54376,76.68125
402,2022-10-01T12:38:53,321.41458,89.46042
405,2022-10-01T09:47:33,142.61667,84.35833
404,2022-10-01T12:47:15,31.529167,27.783333
400,2022-10-01T09:53:40,321.60208,79.44375
402,2022-10-01T12:49:23,319.21457,88.729164
405,2022-10-01T09:58:03,137.67708,85.35208
404,2022-10-01T12:57:45,34.74375,28.845833
400,2022-10-01T10:04:10,312.78125,0
402,2022-10-01T12:59:53,317.30417,88.089584
405,2022-10-01T10:08:33,139.08333,84.95
404,2022-10-01T13:08:15,35.466667,27.777082
400,2022-10-01T10:14:40,298.94583,78.72708
402,2022-10-01T13:10:23,317.4271,88.14792
404,2022-10-01T13:18:45,28.645834,28.21875
402,2022-10-01T13:20:53,298.89792,88.06458
404,2022-10-01T13:29:15,25.78125,27.0875
402,2022-10-01T13:31:23,314.36874,88.775
404,2022-10-01T13:39:45,26.345833,27.1
402,2022-10-01T13:41:53,314.52707,89.41458
401,2022-10-01T11:57:17,290.85,78.52292
405,2022-10-01T10:19:03,138.18333,84.770836
404,2022-10-01T13:50:15,29.739584,27.716667
401,2022-10-01T12:07:47,315.0521,77.86042
400,2022-10-01T10:25:10,300.825,78.3875
402,2022-10-01T13:52:23,313.28125,89.47083
401,2022-10-01T12:18:17,300.375,78.572914
405,2022-10-01T10:29:33,137.50417,84.29792
404,2022-10-01T14:00:45,31.933332,27.847918
401,2022-10-01T12:28:47,312.75833,79.9
400,2022-10-01T10:35:40,301.175,78.75625
402,2022-10-01T14:02:53,322.77084,90.09583
401,2022-10-01T12:39:17,308.09793,78.552086
405,2022-10-01T10:40:03,136.44583,84.964584
404,2022-10-01T14:11:15,30.19375,29.460417
401,2022-10-01T12:49:47,319.05,77.85
400,2022-10-01T10:46:10,298.8896,78.0125
402,2022-10-01T14:13:23,318.20624,89.43125
401,2022-10-01T13:00:17,309.98334,77.214584
405,2022-10-01T10:50:33,143.99167,85.59583
404,2022-10-01T14:21:45,30.264584,29.1625
401,2022-10-01T13:10:47,305.06042,77.191666
400,2022-10-01T10:56:40,286.52707,77.31042
402,2022-10-01T14:23:53,309.98126,88.7
401,2022-10-01T13:21:17,300.11874,77.26458
405,2022-10-01T11:01:03,135.5125,85.572914
404,2022-10-01T14:32:15,28.5,29.76875
401,2022-10-01T13:31:47,297.5146,78.35208
400,2022-10-01T11:07:10,273.35416,75.964584
402,2022-10-01T14:34:23,319.65625,88.73333
401,2022-10-01T13:42:17,304.63126,79.01667
405,2022-10-01T11:11:33,133.4625,84.677086
404,2022-10-01T14:42:45,34.783333,29.9
401,2022-10-01T13:52:47,309.3271,78.89375
400,2022-10-01T11:17:40,263.82916,74.64792
402,2022-10-01T14:44:53,316.41458,88.47083
401,2022-10-01T14:03:17,303.95,79.26875
405,2022-10-01T11:22:03,132.9375,83.61042
404,2022-10-01T14:53:15,30.808332,29.579166
401,2022-10-01T14:13:47,312.26666,78.558334
400,2022-10-01T11:28:10,270.46457,73.925
402,2022-10-01T14:55:23,312.75833,87.979164
406,2022-10-01T09:44:11,338.60416,94.5875
403,2022-10-01T12:38:01,58.95,54.329166
405,2022-10-01T11:32:33,134.6,83.825
404,2022-10-01T15:03:45,30.704166,29.25
407,2022-10-01T09:45:46,342.86874,106.81458
403,2022-10-01T12:48:31,58.185417,54.34375
400,2022-10-01T11:38:40,276.3875,73.92917
402,2022-10-01T15:05:53,313.47708,89.34167
406,2022-10-01T09:54:41,331.69168,95.7375
403,2022-10-01T12:59:01,58.547916,54.316666
405,2022-10-01T11:43:03,134.48334,85.22708
404,2022-10-01T15:14:15,34.022915,29.864584
407,2022-10-01T09:56:16,334.14792,107.44375
403,2022-10-01T13:09:31,57.9,53.989582
400,2022-10-01T11:49:10,287.60834,74.589584
402,2022-10-01T15:16:23,323.6875,88.7
406,2022-10-01T10:05:11,336.22708,95.25625
403,2022-10-01T13:20:01,58.516666,54.65
405,2022-10-01T11:53:33,137.01875,86.31042
404,2022-10-01T15:24:45,32.058334,29.166666
407,2022-10-01T10:06:46,332.7646,106.785416
403,2022-10-01T13:30:31,58.827084,54.941666
400,2022-10-01T11:59:40,292.88333,75.291664
402,2022-10-01T15:26:53,319.08334,88.04792
406,2022-10-01T10:15:41,342.7875,94.75833
403,2022-10-01T13:41:01,59.283333,55.04375
405,2022-10-01T12:04:03,136.55833,85.05625
404,2022-10-01T15:35:15,28.889584,29.160418
407,2022-10-01T10:17:16,340.16666,106.87292
403,2022-10-01T13:51:31,58.220833,54.733334
400,2022-10-01T12:10:10,304.37708,75.975
402,2022-10-01T15:37:23,318.75626,88.02917
406,2022-10-01T10:26:11,327.05417,94.975
403,2022-10-01T14:02:01,58.170834,54.841667
405,2022-10-01T12:14:33,136.64166,85.62292
404,2022-10-01T15:45:45,31.3875,29.179167
407,2022-10-01T10:27:46,324.25418,107.32083
403,2022-10-01T14:12:31,57.554165,54.954166
402,2022-10-01T15:47:53,310.15,88.027084
406,2022-10-01T10:36:41,334.37708,95.20625
403,2022-10-01T14:23:01,58.789585,55.04375
404,2022-10-01T15:56:15,37.539585,29.570833
407,2022-10-01T10:38:16,332.28125,106.82917
403,2022-10-01T14:33:31,57.791668,55.066666
402,2022-10-01T15:58:23,298.44168,88.76875
406,2022-10-01T10:47:11,322.31876,95.92083
403,2022-10-01T14:44:01,55.025,52.26875
404,2022-10-01T16:06:45,32.9,30.525
407,2022-10-01T10:48:46,328.05,107.479164
403,2022-10-01T14:54:31,53.095833,50.133335
402,2022-10-01T16:08:53,306.12918,89.375
406,2022-10-01T10:57:41,334.73334,95.81875
404,2022-10-01T16:17:15,33.6625,30.529167
407,2022-10-01T10:59:16,328.21875,107.46667
402,2022-10-01T16:19:23,302.05832,90.08125
406,2022-10-01T11:08:11,331.28958,95.2375
404,2022-10-01T16:27:45,35.8625,31.172916
407,2022-10-01T11:09:46,332.8375,107.18125
406,2022-10-01T11:18:41,342.03958,93.8625
407,2022-10-01T11:20:16,344.41458,106.652084
406,2022-10-01T11:29:11,343.47083,93.8125
407,2022-10-01T11:30:46,338.7625,106.28125
402,2022-10-01T16:29:53,297.35208,90.05417
400,2022-10-01T12:20:40,309.4479,76.68958
406,2022-10-01T11:39:41,320.80832,95.17292
404,2022-10-01T16:38:15,35.716667,29.920834
405,2022-10-01T12:25:03,137.27083,86.83125
407,2022-10-01T11:41:16,320.4875,107.21667
402,2022-10-01T16:40:23,320.79584,89.47083
400,2022-10-01T12:31:10,314.6146,76.745834
406,2022-10-01T11:50:11,309.35834,96.48333
404,2022-10-01T16:48:45,31.583334,30.35625
405,2022-10-01T12:35:33,135.20833,86.3125
407,2022-10-01T11:51:46,310.60834,108.0125
402,2022-10-01T16:50:53,325.225,89.339584
400,2022-10-01T12:41:40,332.25,78.3125
406,2022-10-01T12:00:41,330.24792,95.87292
404,2022-10-01T16:59:15,30.958334,30.575
405,2022-10-01T12:46:03,134.95625,84.93958
407,2022-10-01T12:02:16,334.90833,107.354164
402,2022-10-01T17:01:23,312.98126,89.51667
400,2022-10-01T12:52:11,303.09793,82.833336
406,2022-10-01T12:11:11,341.64166,95.15625
404,2022-10-01T17:09:45,29.5625,30.41875
405,2022-10-01T12:56:33,135.64792,84.2
407,2022-10-01T12:12:46,341.51666,108.0875
402,2022-10-01T17:11:53,327.5,89.347916
400,2022-10-01T13:02:41,284.1625,82.825
406,2022-10-01T12:21:41,326.87292,96.8
404,2022-10-01T17:20:15,32.525,30.0375
405,2022-10-01T13:07:03,138.1375,84.23542
407,2022-10-01T12:23:16,330.00208,108.07917
402,2022-10-01T17:22:23,317.3896,89.33542
400,2022-10-01T13:13:11,265.41043,81.525
406,2022-10-01T12:32:11,334.96667,97.239586
404,2022-10-01T17:30:45,29.325,30.55
405,2022-10-01T13:17:33,135.69167,84.5375
407,2022-10-01T12:33:46,335.5146,107.6375
402,2022-10-01T17:32:53,310.25626,89.33125
400,2022-10-01T13:23:41,253.48958,80.385414
406,2022-10-01T12:42:41,337.3896,95.683334
404,2022-10-01T17:41:15,30.195833,30.577084
405,2022-10-01T13:28:03,135.18333,84.92917
407,2022-10-01T12:44:16,337.44168,106.745834
402,2022-10-01T17:43:23,320.73334,89.333336
400,2022-10-01T13:34:11,246.97708,79.27292
406,2022-10-01T12:53:11,343.5875,94.495834
404,2022-10-01T17:51:45,32.45625,30.5125
405,2022-10-01T13:38:33,137.60208,85.61042
407,2022-10-01T12:54:46,335.63333,106.725
402,2022-10-01T17:53:53,308.47916,90.0375
400,2022-10-01T13:44:41,239.27083,78.322914
406,2022-10-01T13:03:41,340.20834,94.52917
404,2022-10-01T18:02:15,28.935417,30.0625
405,2022-10-01T13:49:03,137.04375,85.75
407,2022-10-01T13:05:16,336.8875,106.754166
402,2022-10-01T18:04:23,323.1771,89.3375
400,2022-10-01T13:55:11,238.70625,77.26667
406,2022-10-01T13:14:11,325.68332,94.552086
404,2022-10-01T18:12:45,32.608334,31.164583
405,2022-10-01T13:59:33,136.36041,85.625
407,2022-10-01T13:15:46,320.56458,106.70417
402,2022-10-01T18:14:53,320.1729,88.6375
400,2022-10-01T14:05:41,232.21875,76.152084
406,2022-10-01T13:24:41,324.1125,94.72708
404,2022-10-01T18:23:15,32.316666,31.027082
405,2022-10-01T14:10:03,135.67084,85.73542
407,2022-10-01T13:26:16,325.06668,106.7875
402,2022-10-01T18:25:23,298.14584,88.65625
400,2022-10-01T14:16:11,236.20625,76.60625
406,2022-10-01T13:35:11,326.90625,95.927086
404,2022-10-01T18:33:45,30.78125,30.560417
401,2022-10-01T14:24:17,309.87292,77.88958
403,2022-10-01T15:05:02,52.645832,49.629166
402,2022-10-01T18:35:53,300.77292,89.333336
401,2022-10-01T14:34:47,309.81668,77.84375
403,2022-10-01T15:15:32,52.6125,49.722916
404,2022-10-01T18:44:15,29.883333,30.564583
401,2022-10-01T14:45:17,308.68124,77.26875
403,2022-10-01T15:26:02,0,49.741665
402,2022-10-01T18:46:23,297.43332,88.722916
401,2022-10-01T14:55:47,309.98334,77.31875
403,2022-10-01T15:36:32,52.391666,49.722916
404,2022-10-01T18:54:45,32.847916,31.225
401,2022-10-01T15:06:17,309.57083,78.5625
403,2022-10-01T15:47:02,52.991665,49.745834
402,2022-10-01T18:56:53,311.60626,88.63125
401,2022-10-01T15:16:47,309.16043,77.833336
403,2022-10-01T15:57:32,53.566666,49.739582
404,2022-10-01T19:05:15,31.202084,31.24375
401,2022-10-01T15:27:17,318.6146,77.166664
403,2022-10-01T16:08:02,52.96875,49.102085
402,2022-10-01T19:07:23,321.3854,88.625
401,2022-10-01T15:37:47,309.6875,77.1125
403,2022-10-01T16:18:32,52.566666,49.116665
404,2022-10-01T19:15:45,32.077084,31.220833
401,2022-10-01T15:48:17,301.54166,77.20625
403,2022-10-01T16:29:02,52.74375,49.308334
402,2022-10-01T19:17:53,312.1729,88.566666
401,2022-10-01T15:58:47,282.25418,77.895836
403,2022-10-01T16:39:32,52.247917,49.683334
401,2022-10-01T16:09:17,297.52917,78.58125
403,2022-10-01T16:50:02,53.725,49.433334
401,2022-10-01T16:19:47,294.4625,79.27917
403,2022-10-01T17:00:32,58.475,51.320835
401,2022-10-01T16:30:17,292.1979,79.214584
403,2022-10-01T17:11:02,59.139584,53.35625
403,2022-10-01T17:21:32,0,53.202084
403,2022-10-01T17:32:02,61.00625,53.833332
407,2022-10-01T13:36:46,327.48334,107.447914
405,2022-10-01T14:20:33,135.725,85.222916
403,2022-10-01T17:42:32,59.629166,53.94375
406,2022-10-01T13:45:41,332.28333,96.64167
400,2022-10-01T14:26:41,250.22708,76.660416
403,2022-10-01T17:53:02,57.89375,54.589584
407,2022-10-01T13:47:16,325.14166,108.04792
405,2022-10-01T14:31:03,134.70833,84.875
403,2022-10-01T18:03:32,58.783333,0
406,2022-10-01T13:56:11,332.10416,96.40625
400,2022-10-01T14:37:11,260.4271,76.68125
403,2022-10-01T18:14:02,58.9625,54.552082
407,2022-10-01T13:57:46,326.69376,108.104164
405,2022-10-01T14:41:33,135.8625,84.82708
403,2022-10-01T18:24:32,60.160416,54.875
406,2022-10-01T14:06:41,335.72708,96.6375
400,2022-10-01T14:47:41,263.37708,76.01667
403,2022-10-01T18:35:02,60.427082,56.102085
407,2022-10-01T14:08:16,330.43958,108.14375
405,2022-10-01T14:52:03,137.04584,84.23125
403,2022-10-01T18:45:32,0,57.4625
406,2022-10-01T14:17:11,338.3229,95.760414
400,2022-10-01T14:58:11,273.0375,76.15625
403,2022-10-01T18:56:02,56.185417,52.179165
407,2022-10-01T14:18:46,339.85,107.38958
405,2022-10-01T15:02:33,136.69167,84.99167
403,2022-10-01T19:06:32,62.116665,54.608334
406,2022-10-01T14:27:41,340.16666,95.225
400,2022-10-01T15:08:41,271.67917,75.95208
403,2022-10-01T19:17:02,53.25,51.647915
407,2022-10-01T14:29:16,342.44583,107.145836
405,2022-10-01T15:13:03,138.15834,0
403,2022-10-01T19:27:32,55.870834,56.064583
406,2022-10-01T14:38:11,332.53958,95.24375
400,2022-10-01T15:19:11,284.225,76.01667
403,2022-10-01T19:38:02,524916650,52.554165
407,2022-10-01T14:39:46,336.4875,107.354164
405,2022-10-01T15:23:33,138.60417,84.71875
403,2022-10-01T19:48:32,53.15,50.572918
406,2022-10-01T14:48:41,342.09793,94.525
400,2022-10-01T15:29:41,334.38126,68.55625
403,2022-10-01T19:59:02,55.416668,55.666668
407,2022-10-01T14:50:16,341.27292,106.79792
405,2022-10-01T15:34:03,139.97084,84.1625
401,2022-10-01T16:40:47,302.28543,78.56875
404,2022-10-01T19:26:15,31.664583,31.485416
406,2022-10-01T14:59:11,339.67917,94.816666
400,2022-10-01T15:40:11,342.5625,73.21042
401,2022-10-01T16:51:17,311.95,78.027084
402,2022-10-01T19:28:23,318.39374,88.59375
407,2022-10-01T15:00:46,339.16876,107.46042
405,2022-10-01T15:44:33,142.05417,84.191666
401,2022-10-01T17:01:47,305.95416,78.65417
404,2022-10-01T19:36:45,33.572918,31.033333
406,2022-10-01T15:09:41,328.25833,95.995834
400,2022-10-01T15:50:41,348.01666,76.03333
401,2022-10-01T17:12:17,315.48334,78.64375
402,2022-10-01T19:38:53,323.89584,87.895836
407,2022-10-01T15:11:16,0,107.49167
405,2022-10-01T15:55:03,138.89375,84.2
401,2022-10-01T17:22:47,309.21457,78.61042
404,2022-10-01T19:47:15,29.410418,30.74375
406,2022-10-01T15:20:11,346.93542,95.29375
400,2022-10-01T16:01:11,348.65833,77.239586
401,2022-10-01T17:33:17,307.6146,78.675
402,2022-10-01T19:49:23,310.59167,0
407,2022-10-01T15:21:46,345.34167,106.78125
405,2022-10-01T16:05:33,0,85.53125
401,2022-10-01T17:43:47,307.50418,78.6125
404,2022-10-01T19:57:45,33.339584,30.622917
400,2022-10-01T16:11:41,349.93542,77.45417
401,2022-10-01T17:54:17,301.76666,79.222916
402,2022-10-01T19:59:53,301.3896,89.15417
405,2022-10-01T16:16:03,136.15,86.26875
401,2022-10-01T18:04:47,313.3125,78.64792
404,2022-10-01T20:08:15,29.691668,30.30625
400,2022-10-01T16:22:11,346.8896,77.9125
401,2022-10-01T18:15:17,311.79376,77.91875
402,2022-10-01T20:10:23,293.5104,89.504166
405,2022-10-01T16:26:33,134.3875,86.260414
401,2022-10-01T18:25:47,305.74374,77.8875
404,2022-10-01T20:18:45,33.745834,31.26875
401,2022-10-01T18:36:17,297.03333,78.635414
402,2022-10-01T20:20:53,308.9375,89.97708
401,2022-10-01T18:46:47,301.70624,77.995834
404,2022-10-01T20:29:15,0,31.983334
401,2022-10-01T18:57:17,308.47083,77.975
402,2022-10-01T20:31:23,318.6625,89.3125
404,2022-10-01T20:39:45,31.695833,32.533333
402,2022-10-01T20:41:53,325.47916,88.6
404,2022-10-01T20:50:15,33.43125,32.61875
402,2022-10-01T20:52:23,0,89.29792
404,2022-10-01T21:00:45,33.445835,32.627083
402,2022-10-01T21:02:53,307.82916,89.16875
404,2022-10-01T21:11:15,34.33125,32.002083
402,2022-10-01T21:13:23,320.41458,89.32917
404,2022-10-01T21:21:45,30.752083,31.729166
402,2022-10-01T21:23:53,292.1771,90.45417
404,2022-10-01T21:32:15,32.316666,31.9875
402,2022-10-01T21:34:23,304.4896,89.847916
404,2022-10-01T21:42:45,35.497917,32.61875
402,2022-10-01T21:44:53,319.91043,89.00833
404,2022-10-01T21:53:15,32.227085,31.285418
402,2022-10-01T21:55:23,308.93542,88.635414
401,2022-10-01T19:07:47,311.8875,77.98333
406,2022-10-01T15:30:41,347.22293,94.32083
404,2022-10-01T22:03:45,34.620834,31.954166
401,2022-10-01T19:18:17,305.6729,77.80625
407,2022-10-01T15:32:16,335.71667,106.822914
402,2022-10-01T22:05:53,317.275,88.65833
401,2022-10-01T19:28:47,313.77707,77.93958
406,2022-10-01T15:41:11,330.91458,94.285416
404,2022-10-01T22:14:15,33.070835,31.227083
401,2022-10-01T19:39:17,317.08334,77.285416
407,2022-10-01T15:42:46,322.40625,106.370834
402,2022-10-01T22:16:23,305.9479,89.90417
401,2022-10-01T19:49:47,306.9271,76.93958
406,2022-10-01T15:51:41,328.21042,94.53125
404,2022-10-01T22:24:45,33.083332,31.252083
401,2022-10-01T20:00:17,292.22708,78.583336
407,2022-10-01T15:53:16,323.19376,106.77917
402,2022-10-01T22:26:53,294.85626,91.308334
401,2022-10-01T20:10:47,286.5104,78.84167
406,2022-10-01T16:02:11,322.2396,95.95
404,2022-10-01T22:35:15,31.822916,31.764584
401,2022-10-01T20:21:17,302.36874,79.32917
407,2022-10-01T16:03:46,317.525,107.4625
402,2022-10-01T22:37:23,297.12292,90.625
401,2022-10-01T20:31:47,304.50626,78.64167
406,2022-10-01T16:12:41,322.17917,96.66875
404,2022-10-01T22:45:45,31.991667,31.335417
401,2022-10-01T20:42:17,319.36667,77.92917
407,2022-10-01T16:14:16,324.6875,108.49375
402,2022-10-01T22:47:53,312.6104,89.3125
401,2022-10-01T20:52:47,301.1771,78.65417
406,2022-10-01T16:23:11,317.72083,96.660416
404,2022-10-01T22:56:15,30.683332,31.014584
401,2022-10-01T21:03:17,308.11874,78.6
407,2022-10-01T16:24:46,319.2354,108.27917
402,2022-10-01T22:58:23,329.16876,88.61667
401,2022-10-01T21:13:47,307.2125,78.73125
406,2022-10-01T16:33:41,322.31876,96.683334
404,2022-10-01T23:06:45,32.3375,30.597918
401,2022-10-01T21:24:17,285.8875,79.99375
407,2022-10-01T16:35:16,324.31876,108.285416
402,2022-10-01T23:08:53,317.47916,87.97708
403,2022-10-01T20:09:32,54.458332,54.029167
400,2022-10-01T16:32:41,342.24374,75.364586
406,2022-10-01T16:44:11,331.21875,95.489586
404,2022-10-01T23:17:15,0,30.920834
403,2022-10-01T20:20:02,63.46875,57.24375
405,2022-10-01T16:37:03,136.13333,86.22708
407,2022-10-01T16:45:46,336.52084,107.18542
402,2022-10-01T23:19:23,320.7,87.92083
403,2022-10-01T20:30:32,58.6375,53.29375
400,2022-10-01T16:43:11,0,67.875
406,2022-10-01T16:54:41,340.80417,96.10208
404,2022-10-01T23:27:45,32.170834,30.629168
403,2022-10-01T20:41:02,54.589584,54.63125
405,2022-10-01T16:47:33,147.56667,84.833336
407,2022-10-01T16:56:16,338.21042,108.354164
402,2022-10-01T23:29:53,315.14792,88.65833
403,2022-10-01T20:51:32,61.329166,56.175
400,2022-10-01T16:53:41,309.34793,60.40625
406,2022-10-01T17:05:11,332.275,96.0125
404,2022-10-01T23:38:15,32.85,31.691668
403,2022-10-01T21:02:02,60.725,53.30625
405,2022-10-01T16:58:03,147.32709,85.625
407,2022-10-01T17:06:46,335.12918,107.73333
402,2022-10-01T23:40:23,306.2979,89.53333
403,2022-10-01T21:12:32,61.685417,5.63146E+11
400,2022-10-01T17:04:11,308.80624,58.270832
406,2022-10-01T17:15:41,340.11874,96
404,2022-10-01T23:48:45,31.0375,31.28125
403,2022-10-01T21:23:02,51.629166,51.372917
405,2022-10-01T17:08:33,140.75417,85.46667
407,2022-10-01T17:17:16,338.18332,0
402,2022-10-01T23:50:53,313.3125,0
403,2022-10-01T21:33:32,64.472916,55.5375
400,2022-10-01T17:14:41,332.0479,65.347916
404,2022-10-01T23:59:15,29.652082,31.216667
403,2022-10-01T21:44:02,60.964584,55.40625
405,2022-10-01T17:19:03,138.67291,85.475
403,2022-10-01T21:54:32,60.683334,55.06875
400,2022-10-01T17:25:11,347.02292,74.245834
403,2022-10-01T22:05:02,63.472916,54.89375
405,2022-10-01T17:29:33,141.03125,85.4125
403,2022-10-01T22:15:32,61.802082,57.245834
400,2022-10-01T17:35:41,351.4875,79.691666
403,2022-10-01T22:26:02,64.29792,55.6125
405,2022-10-01T17:40:03,143.88333,85.597916
403,2022-10-01T22:36:32,52.435417,52.075
400,2022-10-01T17:46:11,360.7021,84.36875
405,2022-10-01T17:50:33,145.84792,85.49167
400,2022-10-01T17:56:41,361.1354,85.666664
405,2022-10-01T18:01:03,146.38126,85.425
400,2022-10-01T18:07:11,3.62692E+11,86.29583
405,2022-10-01T18:11:33,148.11458,84.770836
400,2022-10-01T18:17:41,0,83.54583
405,2022-10-01T18:22:03,146.31667,84.4875
400,2022-10-01T18:28:11,343.625,77.07917
406,2022-10-01T17:26:11,0,95.760414
401,2022-10-01T21:34:47,301.6375,79.23542
405,2022-10-01T18:32:33,148.55208,84.70625
407,2022-10-01T17:27:46,327.64792,108.36667
401,2022-10-01T21:45:17,313.67917,78.597916
400,2022-10-01T18:38:41,321.23126,67.83542
406,2022-10-01T17:36:41,327.39166,96.1
401,2022-10-01T21:55:47,310.5625,78.01667
405,2022-10-01T18:43:03,138.57709,85.37708
407,2022-10-01T17:38:16,330.43124,108.433334
401,2022-10-01T22:06:17,303.26874,78.35208
400,2022-10-01T18:49:11,302.62918,60.329166
406,2022-10-01T17:47:11,334.5,95.36667
401,2022-10-01T22:16:47,305.96457,79.34167
405,2022-10-01T18:53:33,137.66458,84.72083
407,2022-10-01T17:48:46,0,107.76667
401,2022-10-01T22:27:17,291.22083,80.71667
400,2022-10-01T18:59:41,290.84167,56.2375
406,2022-10-01T17:57:41,325.33124,96.520836
401,2022-10-01T22:37:47,296.68124,80.09167
405,2022-10-01T19:04:03,141.40208,84.73333
407,2022-10-01T17:59:16,327.65,108.447914
401,2022-10-01T22:48:17,308.40625,78.64375
400,2022-10-01T19:10:11,328.14374,61.991665
406,2022-10-01T18:08:11,337.96875,95.36875
401,2022-10-01T22:58:47,315.71457,77.95417
405,2022-10-01T19:14:33,140.87083,84.21875
407,2022-10-01T18:09:46,345.83334,107.82917
401,2022-10-01T23:09:17,312.2,77.277084
400,2022-10-01T19:20:41,336.575,71.308334
406,2022-10-01T18:18:41,337.0479,95.104164
401,2022-10-01T23:19:47,315.52917,77.31458
405,2022-10-01T19:25:03,141.20833,85.10208
407,2022-10-01T18:20:16,341.6146,107.75833
401,2022-10-01T23:30:17,303.88126,78.65833
400,2022-10-01T19:31:11,344.61667,77.38958
406,2022-10-01T18:29:11,320.4479,94.770836
401,2022-10-01T23:40:47,300.87918,79.31875
405,2022-10-01T19:35:33,143.5,83.9375
407,2022-10-01T18:30:46,324.91666,107.45417
403,2022-10-01T22:47:02,61.897915,54.883335
400,2022-10-01T19:41:41,337.5729,81.09167
406,2022-10-01T18:39:41,314.35834,96.152084
403,2022-10-01T22:57:32,59.15625,54.991665
405,2022-10-01T19:46:03,144.23125,83.68542
407,2022-10-01T18:41:16,319.46042,107.8375
403,2022-10-01T23:08:02,57.835415,55.320835
400,2022-10-01T19:52:11,331.8229,79.972916
406,2022-10-01T18:50:11,323.87918,0
403,2022-10-01T23:18:32,58.816666,54.63125
405,2022-10-01T19:56:33,133.9125,84.64792
407,2022-10-01T18:51:46,331.91043,0
403,2022-10-01T23:29:02,56.44375,54.177082
400,2022-10-01T20:02:41,340.16666,80.11042
406,2022-10-01T19:00:41,338.9,94.85
403,2022-10-01T23:39:32,57.885418,54.841667
405,2022-10-01T20:07:03,140.58542,86.01458
407,2022-10-01T19:02:16,338.49167,107.76458
403,2022-10-01T23:50:02,58.947918,54.304165
400,2022-10-01T20:13:11,348.96667,79.541664
406,2022-10-01T19:11:11,331.09375,94.75
405,2022-10-01T20:17:33,147.84375,86.666664
407,2022-10-01T19:12:46,335.16876,107.0625
400,2022-10-01T20:23:41,0,81.65417
406,2022-10-01T19:21:41,330.23126,95.441666
405,2022-10-01T20:28:03,143.54791,85.54583
407,2022-10-01T19:23:16,338.6625,107.791664
400,2022-10-01T20:34:11,353.71667,81.26458
405,2022-10-01T20:38:33,147.77916,84.683334
406,2022-10-01T19:32:11,344.41666,94.675
401,2022-10-01T23:51:17,308.68124,79.99167
400,2022-10-01T20:44:41,340.575,78.33125
407,2022-10-01T19:33:46,341.66043,0
405,2022-10-01T20:49:03,148.12709,85.32083
406,2022-10-01T19:42:41,339.60416,94.01667
400,2022-10-01T20:55:11,340.675,77.52292
407,2022-10-01T19:44:16,341.3625,107.14167
405,2022-10-01T20:59:33,158.67084,85.30625
406,2022-10-01T19:53:11,325.32916,94.01667
400,2022-10-01T21:05:41,339.44168,78.291664
407,2022-10-01T19:54:46,323.22293,107.09375
405,2022-10-01T21:10:03,151.54167,85.3125
406,2022-10-01T20:03:41,305.41458,0
400,2022-10-01T21:16:11,333.29166,78.714584
407,2022-10-01T20:05:16,306.65833,108.416664
405,2022-10-01T21:20:33,152.51875,86.191666
406,2022-10-01T20:14:11,311.5625,96.833336
400,2022-10-01T21:26:41,331.275,80.25625
407,2022-10-01T20:15:46,316.18332,108.48333
405,2022-10-01T21:31:03,147.60834,86.010414
406,2022-10-01T20:24:41,333.74167,96.566666
400,2022-10-01T21:37:11,339,81.00833
407,2022-10-01T20:26:16,334.2125,108.48333
405,2022-10-01T21:41:33,145.39583,85.32708
406,2022-10-01T20:35:11,335.3896,95.354164
400,2022-10-01T21:47:41,354.58124,82.525
407,2022-10-01T20:36:46,343.53958,107.77292
405,2022-10-01T21:52:03,142.05,84.66458
406,2022-10-01T20:45:41,342.09583,95.4
400,2022-10-01T21:58:11,353.19583,81.683334
407,2022-10-01T20:47:16,336.30832,108.31042
405,2022-10-01T22:02:33,148.32083,84.63958
406,2022-10-01T20:56:11,324.55417,95.458336
400,2022-10-01T22:08:41,354.85416,81.64792
407,2022-10-01T20:57:46,332.21667,107.79375
405,2022-10-01T22:13:03,151.26875,85.57083
406,2022-10-01T21:06:41,339.60416,95.71042
400,2022-10-01T22:19:11,353.6729,80.975
407,2022-10-01T21:08:16,337.04584,107.79375
405,2022-10-01T22:23:33,0,87.26667
406,2022-10-01T21:17:11,327.57916,96.80625
400,2022-10-01T22:29:41,347.3625,79.76667
407,2022-10-01T21:18:46,322.91666,109.14375
405,2022-10-01T22:34:03,148.35834,87.375
400,2022-10-01T22:40:11,332.15,73.92292
405,2022-10-01T22:44:33,147.57916,0
406,2022-10-01T21:27:41,308.24792,96.89375
400,2022-10-01T22:50:41,307.4229,63.666668
407,2022-10-01T21:29:16,307.41876,109.05625
405,2022-10-01T22:55:03,148.8625,84.63333
406,2022-10-01T21:38:11,332.29166,95.79792
400,2022-10-01T23:01:11,29701874,57.547916
407,2022-10-01T21:39:46,336.81458,108.2875
405,2022-10-01T23:05:33,146.91458,83.964584
406,2022-10-01T21:48:41,343.85416,0
400,2022-10-01T23:11:41,327.0729,59.8375
407,2022-10-01T21:50:16,347.2875,107.785416
405,2022-10-01T23:16:03,146.40208,84.00625
406,2022-10-01T21:59:11,328.775,95.38125
400,2022-10-01T23:22:11,344.5729,70.37708
407,2022-10-01T22:00:46,0,107.802086
405,2022-10-01T23:26:33,145.72917,84.677086
406,2022-10-01T22:09:41,329.025,95.489586
400,2022-10-01T23:32:41,347.70416,76.15625
407,2022-10-01T22:11:16,327.57916,107.99167
405,2022-10-01T23:37:03,144.4375,86.05417
406,2022-10-01T22:20:11,323.34167,97.51875
400,2022-10-01T23:43:11,350.00418,78.354164
407,2022-10-01T22:21:46,324.50208,109.84583
405,2022-10-01T23:47:33,143.35417,86.24375
406,2022-10-01T22:30:41,309.28543,0
400,2022-10-01T23:53:41,351.18542,79.675
407,2022-10-01T22:32:16,309.8271,109.84583
405,2022-10-01T23:58:03,148.19376,86.566666
406,2022-10-01T22:41:11,325.82083,96.84375
407,2022-10-01T22:42:46,334.89166,108.885414
406,2022-10-01T22:51:41,339.49374,95.4375
407,2022-10-01T22:53:16,343.62292,107.85
406,2022-10-01T23:02:11,341.825,94695839
407,2022-10-01T23:03:46,344.68958,107.0875
406,2022-10-01T23:12:41,340.4625,94.72708
407,2022-10-01T23:14:16,337.46042,107.08125
406,2022-10-01T23:23:11,0,94.68958
407,2022-10-01T23:24:46,339.40833,107.71042
406,2022-10-01T23:33:41,324.1375,96.20208
407,2022-10-01T23:35:16,328.85,108.56875
406,2022-10-01T23:44:11,328.27084,96.84375
407,2022-10-01T23:45:46,328.04376,108.447914
406,2022-10-01T23:54:41,336.69376,97.4875
407,2022-10-01T23:56:16,341.1771,109.104164
